##TITLE= Parameter file, TopSpin 4.0.6
##JCAMPDX= 5.0
##DATATYPE= Parameter Values
##NPOINTS= 1	$$ modification sequence number
##ORIGIN= Bruker BioSpin GmbH
##OWNER= nmr
$$ 2024-08-30 11:10:46.409 +0200  nmr@CZC72773GJ
$$ C:/Data/Biffo/240830_Chewbacca_17O_LAMOX_base/1/pdata/1/clevels
$$ process C:\Bruker\TopSpin4.0.6\prog\mod\dirdata.exe
##$LEVELS= (0..255)
-1727008255747.03 -959449030970.573 -533027239428.096 -296126244126.72
-164514580070.4 -91396988928 -50776104960 -28208947200 28208947200 50776104960
91396988928 164514580070.4 296126244126.72 533027239428.096 959449030970.573
1727008255747.03 0 0 0 0 0 0 0 0 0 0 0 0 0 0 0 0 0 0 0 0 0 0 0 0 0 0 0
0 0 0 0 0 0 0 0 0 0 0 0 0 0 0 0 0 0 0 0 0 0 0 0 0 0 0 0 0 0 0 0 0 0 0 0
0 0 0 0 0 0 0 0 0 0 0 0 0 0 0 0 0 0 0 0 0 0 0 0 0 0 0 0 0 0 0 0 0 0 0 0
0 0 0 0 0 0 0 0 0 0 0 0 0 0 0 0 0 0 0 0 0 0 0 0 0 0 0 0 0 0 0 0 0 0 0 0
0 0 0 0 0 0 0 0 0 0 0 0 0 0 0 0 0 0 0 0 0 0 0 0 0 0 0 0 0 0 0 0 0 0 0 0
0 0 0 0 0 0 0 0 0 0 0 0 0 0 0 0 0 0 0 0 0 0 0 0 0 0 0 0 0 0 0 0 0 0 0 0
0 0 0 0 0 0 0 0 0 0 0 0 0 0 0 0 0 0 0 0 0 0 0 0 0 0 0 0 0 0 0 0 0
##$LEVSIGN= 3
##$MAXLEV= 8
##$METHOD= 0
##$NEGBASE= -28208947200
##$NEGINCR= 1.8
##$POSBASE= 28208947200
##$POSINCR= 1.8
##END=
