46
5e-06 0 0
0 0 1
8531.77 2.85e+09 8581
1e-05 0 0
0 0 1
8531.05 3.70942e+09 8586
3e-05 0 0
0 0 1
8531.91 3.49079e+09 8570
5e-05 0 0
0 0 1
8531.69 2.67836e+09 8590
0.0001 0 0
0 0 1
8531.37 3.06016e+09 8576
0.0003 0 0
0 0 1
8531.1 4.07621e+09 8583
0.0005 0 0
0 0 1
8531.38 5.93926e+09 8586
0.001 0 0
0 0 1
8531.56 5.94954e+09 8599
0.003 0 0
0 0 1
8531.67 8.67018e+09 8625
0.005 0 0
0 0 1
8531.87 1.20029e+10 8609
0.01 0 0
0 0 1
8531.85 1.63925e+10 8619
0.03 0 0
0 0 1
8532.01 1.74207e+10 8645
0.05 0 0
0 0 1
8531.94 1.60747e+10 8624
0.1 0 0
0 0 1
8532.08 1.59824e+10 8624
0.3 0 0
0 0 1
8531.96 1.64116e+10 8660
-1 0 0
