46
5e-06 0 0
0 0 1
8531.77 8.98486e+07 8581
1e-05 0 0
0 0 1
8531.05 9.23289e+07 8586
3e-05 0 0
0 0 1
8531.91 9.33308e+07 8570
5e-05 0 0
0 0 1
8531.69 8.53395e+07 8590
0.0001 0 0
0 0 1
8531.37 9.63651e+07 8576
0.0003 0 0
0 0 1
8531.1 1.17799e+08 8583
0.0005 0 0
0 0 1
8531.38 1.41545e+08 8586
0.001 0 0
0 0 1
8531.56 1.76434e+08 8599
0.003 0 0
0 0 1
8531.67 2.82845e+08 8625
0.005 0 0
0 0 1
8531.87 3.4601e+08 8609
0.01 0 0
0 0 1
8531.85 4.48521e+08 8619
0.03 0 0
0 0 1
8532.01 4.89919e+08 8645
0.05 0 0
0 0 1
8531.94 4.78436e+08 8624
0.1 0 0
0 0 1
8532.08 4.84828e+08 8624
0.3 0 0
0 0 1
8531.96 4.80164e+08 8660
-1 0 0
