##TITLE= Parameter file, TOPSPIN		Version 2.1
##JCAMPDX= 5.0
##DATATYPE= Parameter Values
##NPOINTS= 8	$$ modification sequence number
##ORIGIN= Bruker BioSpin GmbH
##OWNER= nmrsu
$$ 2024-05-29 12:57:14.515 +0200  nmrsu@TUD11508
$$ D:/Tian/data/Tian/nmr/240815_LNS0p45_JLP/79/pdata/1/clevels
$$ process C:\Bruker\TOPSPIN21\prog\mod\dataserver.exe
##$LEVELS= (0..255)
-552618.976841045 -307010.542689469 -170561.412605261 -94756.340336256
-52642.41129792 -29245.7840544 -16247.657808 -9026.47656 9026.47656 16247.657808
29245.7840544 52642.41129792 94756.340336256 170561.412605261 307010.542689469
552618.976841045 0 0 0 0 0 0 0 0 0 0 0 0 0 0 0 0 0 0 0 0 0 0 0 0 0 0 0
0 0 0 0 0 0 0 0 0 0 0 0 0 0 0 0 0 0 0 0 0 0 0 0 0 0 0 0 0 0 0 0 0 0 0 0
0 0 0 0 0 0 0 0 0 0 0 0 0 0 0 0 0 0 0 0 0 0 0 0 0 0 0 0 0 0 0 0 0 0 0 0
0 0 0 0 0 0 0 0 0 0 0 0 0 0 0 0 0 0 0 0 0 0 0 0 0 0 0 0 0 0 0 0 0 0 0 0
0 0 0 0 0 0 0 0 0 0 0 0 0 0 0 0 0 0 0 0 0 0 0 0 0 0 0 0 0 0 0 0 0 0 0 0
0 0 0 0 0 0 0 0 0 0 0 0 0 0 0 0 0 0 0 0 0 0 0 0 0 0 0 0 0 0 0 0 0 0 0 0
0 0 0 0 0 0 0 0 0 0 0 0 0 0 0 0 0 0 0 0 0 0 0 0 0 0 0 0 0 0 0 0 0
##$LEVSIGN= 3
##$MAXLEV= 8
##$METHOD= 0
##$NEGBASE= -9026.47656
##$NEGINCR= 1.8
##$POSBASE= 9026.47656
##$POSINCR= 1.8
##END=
