79
10 0 0
0 0 1
15657 4.82869e+008 0
20 0 0
0 0 1
15657 3.92046e+008 0
30 0 0
0 0 1
15657 3.63475e+008 0
40 0 0
0 0 1
15657 3.85297e+008 0
50 0 0
0 0 1
15657 3.70183e+008 0
60 0 0
0 0 1
15657 3.8055e+008 0
100 0 0
0 0 1
15657 3.81103e+008 0
200 0 0
0 0 1
15657 3.67251e+008 0
300 0 0
0 0 1
15657 3.62803e+008 0
500 0 0
0 0 1
15657 3.50251e+008 0
750 0 0
0 0 1
15657 3.32359e+008 0
1000 0 0
0 0 1
15657 3.23438e+008 0
1500 0 0
0 0 1
15657 3.08339e+008 0
2000 0 0
0 0 1
15657 2.89144e+008 0
2500 0 0
0 0 1
15657 2.70354e+008 0
3000 0 0
0 0 1
15657 2.66319e+008 0
5000 0 0
0 0 1
15657 2.31477e+008 0
7500 0 0
0 0 1
15657 1.95162e+008 0
10000 0 0
0 0 1
15657 1.78279e+008 0
12000 0 0
0 0 1
15657 1.58253e+008 0
25000 0 0
0 0 1
15657 1.03037e+008 0
40000 0 0
0 0 1
15657 6.92905e+007 0
60000 0 0
0 0 1
15657 4.90474e+007 0
100000 0 0
0 0 1
15657 2.24879e+007 0
200000 0 0
0 0 1
15657 9.90756e+006 0
400000 0 0
0 0 1
15657 5.10414e+006 0
-1 0 0
