##TITLE= Parameter file, TopSpin 4.0.6
##JCAMPDX= 5.0
##DATATYPE= Parameter Values
##NPOINTS= 1	$$ modification sequence number
##ORIGIN= Bruker BioSpin GmbH
##OWNER= nmr
$$ 2022-11-15 17:40:02.504 +0100  nmr@CZC72773GJ
$$ C:\Data\Pranav/221031-3MpyRPILSEI/38/pdata/1/clevels
$$ process C:\Bruker\TopSpin4.0.6\prog\mod\edparproc.exe
##$LEVELS= (0..255)
-118189380838.736 -65660767132.6311 -36478203962.5728 -20265668868.096
-11258704926.72 -6254836070.4 -3474908928 -1930504960 1930504960 3474908928
6254836070.4 11258704926.72 20265668868.096 36478203962.5728 65660767132.6311
118189380838.736 0 0 0 0 0 0 0 0 0 0 0 0 0 0 0 0 0 0 0 0 0 0 0 0 0 0 0
0 0 0 0 0 0 0 0 0 0 0 0 0 0 0 0 0 0 0 0 0 0 0 0 0 0 0 0 0 0 0 0 0 0 0 0
0 0 0 0 0 0 0 0 0 0 0 0 0 0 0 0 0 0 0 0 0 0 0 0 0 0 0 0 0 0 0 0 0 0 0 0
0 0 0 0 0 0 0 0 0 0 0 0 0 0 0 0 0 0 0 0 0 0 0 0 0 0 0 0 0 0 0 0 0 0 0 0
0 0 0 0 0 0 0 0 0 0 0 0 0 0 0 0 0 0 0 0 0 0 0 0 0 0 0 0 0 0 0 0 0 0 0 0
0 0 0 0 0 0 0 0 0 0 0 0 0 0 0 0 0 0 0 0 0 0 0 0 0 0 0 0 0 0 0 0 0 0 0 0
0 0 0 0 0 0 0 0 0 0 0 0 0 0 0 0 0 0 0 0 0 0 0 0 0 0 0 0 0 0 0 0 0
##$LEVSIGN= 3
##$MAXLEV= 8
##$METHOD= 0
##$NEGBASE= -1930504960
##$NEGINCR= 1.8
##$POSBASE= 1930504960
##$POSINCR= 1.8
##END=
